1.794909931367388367e+01
1.801585989222999729e+01
1.905231028171919760e+01
2.114754344919018081e+01
2.317829521471435328e+01
2.439297535069385958e+01
2.521005447883948136e+01
2.611992042484445165e+01
2.669881823310725366e+01
2.684109776721349760e+01
2.706136783513649036e+01
2.714056423515438610e+01
2.728163641157377128e+01
2.730112192670652149e+01
2.731328350123232696e+01
2.731400165160443549e+01
2.735552834264378674e+01
2.735064372692487211e+01
2.738288517364113517e+01
2.734486421977653947e+01
2.737573722834864753e+01
2.737613321780616360e+01
2.740307392428883659e+01
2.739618922622516806e+01
2.739088028282013809e+01
1.829584233652385805e+01
1.837535306715633965e+01
2.017386987991046610e+01
2.105499676053106128e+01
2.188443210208839673e+01
2.339705366186448998e+01
2.512054296361181116e+01
2.564786445008288496e+01
2.639852324485129031e+01
2.660650197899121139e+01
2.690241199924302151e+01
2.701444793174917436e+01
2.719839062783775319e+01
2.723262022501304358e+01
2.726181978661213634e+01
2.726671633421677754e+01
2.731304262628924562e+01
2.731145643123059585e+01
2.731245125220296899e+01
2.731509863934833504e+01
2.734580833023457558e+01
2.734714470143584109e+01
2.734569796029161282e+01
2.737063560145809760e+01
2.736651462642562294e+01
1.858882326526574857e+01
1.945467882364330592e+01
2.019851257977667203e+01
2.101510585645040763e+01
2.178325791430681591e+01
2.324566115003532829e+01
2.452585330459118751e+01
2.517209691311780162e+01
2.603707063056594961e+01
2.631767204143182681e+01
2.672057975544215935e+01
2.686331270120597381e+01
2.706035735356410754e+01
2.711294788564250524e+01
2.720857822101883272e+01
2.721989785185812849e+01
2.723647720707383968e+01
2.724273995559405748e+01
2.728182732174538216e+01
2.728540092152019270e+01
2.731664978449266101e+01
2.731665351320695123e+01
2.731412842789027096e+01
2.731223424103133368e+01
2.733979913428602515e+01
1.926624004386475519e+01
1.969762469464492938e+01
2.039932211495265690e+01
2.103155992686599873e+01
2.242271526282700123e+01
2.304544485330276160e+01
2.401827685176739635e+01
2.474325449974003632e+01
2.574313533740172844e+01
2.607808872497624719e+01
2.652805877925974443e+01
2.669718729347713548e+01
2.694966375820207816e+01
2.702244080369960955e+01
2.714765624973253466e+01
2.716913513552431780e+01
2.719411752126227455e+01
2.719997160269639380e+01
2.724830618028504858e+01
2.725161429560246518e+01
2.725345777194706898e+01
2.728419654680476825e+01
2.728157824363086092e+01
2.727972358114338647e+01
2.727958263574325315e+01
2.051202138573086842e+01
2.014443466356829049e+01
2.126623252660264285e+01
2.185611699151871079e+01
2.240267416926515409e+01
2.296899502423032402e+01
2.408510436074499950e+01
2.469637561220990563e+01
2.546195000987815860e+01
2.584102601938019461e+01
2.634976359383366074e+01
2.653234008900665941e+01
2.682848427251582990e+01
2.692355977520591637e+01
2.702632985270329158e+01
2.705324744115736735e+01
2.713695782269383017e+01
2.714673003710309018e+01
2.716297380803276695e+01
2.721401990665255965e+01
2.721591707648293124e+01
2.721655841534067832e+01
2.724952919857192057e+01
2.724852319145668034e+01
2.724802950968478399e+01
2.107052909277435049e+01
2.062840164325542958e+01
2.146771360322211919e+01
2.197481166200260461e+01
2.241808569116547289e+01
2.294173737703306770e+01
2.391404437252577608e+01
2.444322872465575713e+01
2.521335588247118054e+01
2.561279365496394078e+01
2.618246736981800282e+01
2.638354350806567084e+01
2.669317295967333337e+01
2.681453515235975615e+01
2.694420193751118831e+01
2.697895802914412045e+01
2.707246970906129491e+01
2.708701169478936066e+01
2.711136691078386463e+01
2.716975857655347681e+01
2.717501233498702717e+01
2.718120871239289826e+01
2.718329604665201771e+01
2.721744659508437891e+01
2.721727134551278482e+01
2.152477038927618125e+01
2.163121548757704105e+01
2.167625723757686274e+01
2.211657215907978014e+01
2.297255296340512487e+01
2.338095083633494653e+01
2.381769663252019953e+01
2.426916488420511797e+01
2.523345141526165136e+01
2.558643313642468087e+01
2.601752172729028700e+01
2.623937500730049521e+01
2.657954113745137903e+01
2.669475468027483345e+01
2.685749292394331889e+01
2.690032466498389851e+01
2.695530754015028307e+01
2.703989938974471841e+01
2.705639223878891997e+01
2.707107740714569388e+01
2.709282326888057923e+01
2.714291183367089744e+01
2.714767489330398220e+01
2.718541321062545535e+01
2.718642145496926688e+01
2.190757175722460559e+01
2.196157770924720865e+01
2.189490606052689259e+01
2.275351262545472153e+01
2.302364902679639513e+01
2.339202437203115181e+01
2.376826208421621800e+01
2.415930279212959064e+01
2.505758138560929638e+01
2.543739195182631363e+01
2.586196498734289406e+01
2.609673005919390931e+01
2.645969280276639424e+01
2.659073100903341214e+01
2.676756453845811023e+01
2.685609465608484925e+01
2.688722270871434361e+01
2.691413283973984250e+01
2.699884699116296360e+01
2.703279246030941607e+01
2.704481980112080919e+01
2.710117036868848928e+01
2.710853532515261222e+01
2.712036355262096166e+01
2.712528918419705803e+01
2.224567292540210772e+01
2.226635237485027119e+01
2.259114650747230613e+01
2.286882087762112192e+01
2.308981729908766312e+01
2.342258789731725699e+01
2.406464043098275241e+01
2.438820632511790620e+01
2.488593449776094246e+01
2.529537342772032105e+01
2.583662986523317073e+01
2.604078219276946982e+01
2.633747822599345056e+01
2.648406218787519606e+01
2.665032257506130264e+01
2.678009749292712627e+01
2.681599979133257250e+01
2.684809059799155051e+01
2.690406754838744519e+01
2.698003264460228223e+01
2.699381770132962899e+01
2.702096124986963588e+01
2.703285584845233558e+01
2.708235453064209253e+01
2.708846440187645044e+01
2.278883921037390792e+01
2.283327206133029819e+01
2.276764892706811594e+01
2.299262761539557332e+01
2.316619777407431968e+01
2.379189318389574836e+01
2.405483540388775054e+01
2.434360493627564637e+01
2.475095802346162088e+01
2.514894607183872210e+01
2.572868134933089124e+01
2.593109535026553658e+01
2.621966875228182303e+01
2.649171276385387586e+01
2.656953699701332994e+01
2.662668401795319184e+01
2.674279319794892018e+01
2.681467386053131463e+01
2.684440439104520237e+01
2.692440693909243521e+01
2.694147475588003360e+01
2.697450892725419180e+01
2.698902630346794496e+01
2.704218434586117326e+01
2.704997959595426948e+01
2.301138379401334433e+01
2.303895838192518752e+01
2.294583001383694665e+01
2.312324895140505276e+01
2.358251841912593250e+01
2.382921537670254253e+01
2.405941724800637616e+01
2.432311714274194969e+01
2.490768930841012718e+01
2.523914889069562051e+01
2.562769658023520236e+01
2.583286386380103394e+01
2.618906793985282988e+01
2.641529723895289905e+01
2.650493851343783547e+01
2.656528849995216035e+01
2.665695894075330585e+01
2.675308146641581430e+01
2.678516556138907134e+01
2.683540849495096126e+01
2.685803358751525849e+01
2.692663596449454388e+01
2.694338758631041486e+01
2.696909856282049134e+01
2.697982681957351758e+01
2.321297374909007161e+01
2.322937338027703547e+01
2.339701786620731028e+01
2.354974227478059134e+01
2.365338934587880004e+01
2.387780425260572059e+01
2.432790481188934351e+01
2.455256879673078885e+01
2.483543577439881034e+01
2.513945947694401895e+01
2.552714210476850099e+01
2.593046221457922229e+01
2.610533891474491952e+01
2.625949738683384993e+01
2.644339160963666302e+01
2.655457068359914885e+01
2.659631662303870314e+01
2.669489487993210730e+01
2.672792233962054809e+01
2.678261661230094148e+01
2.680787641438201518e+01
2.687771821599105238e+01
2.689576071869386098e+01
2.692918342209695837e+01
2.694411393985396330e+01
2.339678966889280787e+01
2.340613158967309104e+01
2.353419875639443859e+01
2.366126140748625772e+01
2.373225911052495718e+01
2.393531892477450640e+01
2.435079464316817521e+01
2.455852355345071558e+01
2.479245488478665749e+01
2.506550192050251624e+01
2.555960876582783214e+01
2.576335988370660601e+01
2.602192011866588217e+01
2.617603160895476222e+01
2.637957093586190638e+01
2.648914442545144254e+01
2.653034448111905164e+01
2.661080416953814520e+01
2.664598086014290601e+01
2.673043400156578286e+01
2.675676991059073373e+01
2.680503289686503621e+01
2.682916737297362175e+01
2.689090742417497637e+01
2.690950774253546030e+01
2.372621933911923620e+01
2.375326370385914743e+01
2.367188824321061347e+01
2.377615353513797913e+01
2.407075999687426560e+01
2.424421232818147232e+01
2.438360360019926176e+01
2.457766304389742373e+01
2.499660422935151871e+01
2.527549192313005477e+01
2.548971401647589374e+01
2.568810622617815653e+01
2.594118077667509326e+01
2.623096153637823846e+01
2.632303915277977069e+01
2.642495759193348093e+01
2.646889377814654054e+01
2.655301655548338857e+01
2.658926040411773073e+01
2.667639001665743237e+01
2.670443740554114953e+01
2.676045388030851058e+01
2.678691581987644099e+01
2.685194832579520607e+01
2.687275678875777984e+01
2.387107690628506163e+01
2.389409276810687288e+01
2.380759181679633940e+01
2.389381908047803904e+01
2.414949627354886985e+01
2.430530582032507425e+01
2.442327786597971340e+01
2.460570148386684508e+01
2.499218570291876063e+01
2.521664535421715669e+01
2.544327362574617624e+01
2.581254982835321243e+01
2.597964917625439796e+01
2.617180175546504017e+01
2.627579037679214480e+01
2.637021708319589663e+01
2.640851769063218768e+01
2.649731329271632418e+01
2.653659678923926180e+01
2.661030452182338735e+01
2.664432307376990394e+01
2.671642969643822596e+01
2.674411838300731858e+01
2.678921196213575939e+01
2.681061925661318668e+01
2.400636808407039524e+01
2.402768365217630731e+01
2.412781156272832561e+01
2.421111775163582891e+01
2.423132887456926454e+01
2.437160832633075103e+01
2.467884841782186811e+01
2.481404264903568091e+01
2.499914199229678147e+01
2.520573886492110915e+01
2.556573653489078168e+01
2.575977286056034998e+01
2.592702210277596464e+01
2.611873394795761527e+01
2.623089814823531896e+01
2.633287475533194311e+01
2.636986882128128329e+01
2.644916664232784598e+01
2.649013477196666599e+01
2.657041548209987525e+01
2.660605975347650798e+01
2.667507527199904160e+01
2.670165429319565931e+01
2.674928414378364394e+01
2.677325008200634926e+01
2.413418095247721595e+01
2.415528398386863884e+01
2.424163802383617394e+01
2.431292954956087016e+01
2.431528833422024860e+01
2.443909581773755590e+01
2.472215295983432881e+01
2.487388925912095772e+01
2.501362282711050256e+01
2.539572953558684176e+01
2.555116770241983559e+01
2.572148194778121066e+01
2.587909768375912734e+01
2.614969047972980576e+01
2.623775003361324210e+01
2.630379749556153968e+01
2.633752744502206866e+01
2.642101857815832133e+01
2.646784899240269340e+01
2.653764903241168582e+01
2.657416358570342751e+01
2.663750922127773535e+01
2.666538434356129272e+01
2.671630814035239609e+01
2.673815989757310518e+01
2.438931300751895748e+01
2.442104734909188579e+01
2.435219663974093152e+01
2.441440874617130774e+01
2.458521219884743303e+01
2.469574023929501649e+01
2.476855531767829888e+01
2.490967745886915452e+01
2.521964771496285707e+01
2.539275402158402173e+01
2.554407419635597165e+01
2.567597597285237754e+01
2.593785774650051934e+01
2.611033688337823122e+01
2.620718874555571176e+01
2.628028720622497616e+01
2.631386800711393903e+01
2.639788638045068581e+01
2.644490621338095337e+01
2.650882234224151546e+01
2.654603267361962793e+01
2.661071169742377407e+01
2.663899101233628386e+01
2.668907584841230829e+01
2.671032653688958902e+01
2.449683868722084057e+01
2.452897050973700033e+01
2.446072012338661494e+01
2.451519514766680530e+01
2.466475014909422470e+01
2.476141930427153426e+01
2.481777732926779123e+01
2.508618584440782939e+01
2.523530533200626280e+01
2.539250867218378716e+01
2.554133060838194069e+01
2.578138448858082654e+01
2.590085771460831410e+01
2.606730901196603156e+01
2.617421050489589618e+01
2.628543506917270989e+01
2.632537034495340578e+01
2.638050236869136000e+01
2.642732457976429572e+01
2.650213974049232490e+01
2.653165251409171788e+01
2.658313487228335958e+01
2.661213010033939952e+01
2.666739859502034093e+01
2.669552577838985030e+01
2.459808670354534854e+01
2.463095159129077416e+01
2.471294079831131540e+01
2.476843003287817879e+01
2.474770136440139368e+01
2.483300912713936981e+01
2.504093267630780772e+01
2.511914022129619539e+01
2.525637778794051513e+01
2.555022732067608615e+01
2.566955736407486910e+01
2.577234086494368626e+01
2.588466912865012048e+01
2.611209459929418131e+01
2.620737965572732264e+01
2.627931326605262541e+01
2.632014045029130855e+01
2.636885311950889133e+01
2.644655728806823447e+01
2.648743145410696087e+01
2.651915311805130315e+01
2.656265528192109571e+01
2.662154510391975037e+01
2.665261797157776513e+01
2.668200098591989189e+01
2.469321962843548590e+01
2.472579889666635466e+01
2.480762329451531656e+01
2.485978726167902408e+01
2.483348192811124377e+01
2.499801592058143029e+01
2.509738466490415476e+01
2.515934396450571953e+01
2.528651773128336089e+01
2.556620336991979769e+01
2.568653196300523689e+01
2.577742906846279425e+01
2.588523663896494398e+01
2.609761078150902947e+01
2.619193904985554866e+01
2.627690377087890994e+01
2.632019116080564203e+01
2.640520733808619624e+01
2.644592788109621040e+01
2.648024323870015095e+01
2.651138993490109286e+01
2.657172873527255064e+01
2.660288810910207502e+01
2.664203960913916802e+01
2.667053668096617258e+01
2.489781940168649044e+01
2.493811636275324162e+01
2.489815946042967099e+01
2.494883939930626227e+01
2.506968777516362579e+01
2.506903152144871783e+01
2.515937901442003621e+01
2.537034295721992905e+01
2.548995712864755347e+01
2.558884934328411020e+01
2.570796610422554807e+01
2.591408644716370802e+01
2.601044910202644189e+01
2.609464719939193600e+01
2.618420420493393408e+01
2.632889174272817101e+01
2.637674382468780010e+01
2.641047601137690393e+01
2.645119357141548022e+01
2.647947661504228023e+01
2.653935230909901577e+01
2.656982709098503292e+01
2.660002594801364850e+01
2.663298852807345440e+01
2.669083431007111784e+01
2.497754453339060632e+01
2.501789444220026581e+01
2.498369392899643060e+01
2.508901668429622589e+01
2.514919142123895668e+01
2.514237831448964045e+01
2.522501333482508556e+01
2.541995573806693898e+01
2.553009972094272939e+01
2.561641721951023243e+01
2.573368826687849165e+01
2.593388741152532617e+01
2.602651389467023435e+01
2.609954300125371418e+01
2.618359791599050368e+01
2.632704155469784979e+01
2.638564948589623782e+01
2.642185828461625619e+01
2.646402333154192377e+01
2.652666573160128038e+01
2.655290469405471399e+01
2.657198228784421801e+01
2.660350632993122844e+01
2.666719202424871682e+01
2.669187462135781885e+01
2.505522632966420815e+01
2.509472907458735236e+01
2.519477346193929179e+01
2.516999540974438077e+01
2.522796051059930278e+01
2.536210026141211671e+01
2.544056359620075369e+01
2.547278416211699437e+01
2.557427901932744874e+01
2.579046539936086191e+01
2.588999671562659444e+01
2.595694652643288691e+01
2.604680108337517197e+01
2.620328776466629961e+01
2.627041058781561844e+01
2.632842639918487393e+01
2.639201812990226870e+01
2.649663466671568202e+01
2.651543558990492500e+01
2.654352697761725466e+01
2.656984349732790918e+01
2.658112807825288471e+01
2.664630078382892009e+01
2.668056543091853072e+01
2.670048496839454799e+01
2.524087304818296928e+01
2.521710771478902302e+01
2.526932388395278295e+01
2.532217542603143201e+01
2.530351544824232235e+01
2.543085551567726554e+01
2.550351697103182858e+01
2.552766487051185251e+01
2.562158894622941574e+01
2.582294100933448888e+01
2.591929918974007307e+01
2.598267390928583609e+01
2.607026289942597330e+01
2.622356152999979884e+01
2.628717936171722158e+01
2.633541475550578070e+01
2.639794231116502488e+01
2.651041823195731695e+01
2.655190689011091010e+01
2.656332197603601486e+01
2.661913411726032308e+01
2.664978713168936864e+01
2.666282868278744189e+01
2.669751169162030280e+01
2.676942367540272727e+01
2.584328977148850370e+01
2.593333147591854981e+01
2.601214048362816911e+01
2.610433192942012681e+01
2.618470083407641624e+01
2.622955110228189568e+01
2.626226480163748178e+01
2.630253706370308109e+01
2.633230800295979890e+01
2.633940579010776517e+01
2.635083651595284238e+01
2.635506869657298523e+01
2.636292548563375604e+01
2.636382357856084369e+01
2.636421154104984765e+01
2.636414189800342456e+01
2.636658184311025721e+01
2.636631985260228106e+01
2.636818972938303318e+01
2.636587741442500743e+01
2.636744618744621960e+01
2.636736503476467419e+01
2.636883695128015148e+01
2.636822045425645555e+01
2.636785872983396217e+01
2.584353447315897156e+01
2.591486382743666539e+01
2.603844126789525149e+01
2.608130368555996981e+01
2.611463451594456942e+01
2.618145467804492199e+01
2.625406608862819624e+01
2.627819038138563457e+01
2.631602401512469314e+01
2.632646769221867800e+01
2.634195034609315300e+01
2.634785293566500286e+01
2.635806393280486759e+01
2.635987889497058134e+01
2.636118728688195745e+01
2.636127468207746816e+01
2.636399066334869090e+01
2.636395647583080404e+01
2.636415701659193545e+01
2.636423431647189375e+01
2.636578879998848635e+01
2.636572144911515991e+01
2.636519342021906454e+01
2.636661695725130983e+01
2.636628776217893133e+01
2.586613925023194938e+01
2.596477555522683645e+01
2.601840387099934659e+01
2.606381499006887736e+01
2.609957937673742379e+01
2.616020423388452798e+01
2.622328659320898936e+01
2.625335210109343720e+01
2.629568907465299787e+01
2.630994834209923283e+01
2.633170321064978836e+01
2.633933361104004334e+01
2.634992569414962205e+01
2.635266747456059377e+01
2.635800570185428526e+01
2.635847301254814212e+01
2.635922323592568262e+01
2.635966147991388908e+01
2.636228006821333025e+01
2.636246358836997672e+01
2.636415662643481284e+01
2.636363786377038210e+01
2.636327048206960910e+01
2.636298410674145742e+01
2.636457394824730827e+01
2.594213890719388971e+01
2.597719801170848086e+01
2.601683924339755904e+01
2.605406915775869692e+01
2.611927299643848599e+01
2.614640896079660592e+01
2.619546702480205269e+01
2.623030108181123765e+01
2.627957587809840589e+01
2.629657004943632259e+01
2.632091780468585540e+01
2.632986483905670383e+01
2.634347898170035762e+01
2.634742381159954405e+01
2.635443166753070088e+01
2.635540974266796965e+01
2.635656173034273309e+01
2.635696100738829628e+01
2.636015546760102168e+01
2.636029519262062948e+01
2.635976043351416465e+01
2.636158275989557254e+01
2.636122279118013267e+01
2.636079844653942672e+01
2.636077859729580197e+01
2.601145546525977892e+01
2.599753041615887739e+01
2.605589777542370911e+01
2.608355396553546868e+01
2.611263622870077228e+01
2.613847789557357970e+01
2.619191639990583553e+01
2.622326050145140286e+01
2.626393082132155854e+01
2.628326120474127592e+01
2.630997448262646188e+01
2.631999796049916895e+01
2.633656164222169593e+01
2.634164977879965974e+01
2.634705886838078470e+01
2.634844514540780480e+01
2.635317458128097812e+01
2.635370343926095771e+01
2.635476481294394802e+01
2.635760725389260628e+01
2.635732585306777409e+01
2.635710439013093520e+01
2.635910609124955783e+01
2.635889096836596224e+01
2.635893705567609757e+01
2.603928078848428029e+01
2.601957985333716294e+01
2.606265120014115055e+01
2.608613051440492470e+01
2.610950063344395389e+01
2.613403088468768587e+01
2.618102301795816089e+01
2.620810489678513022e+01
2.624971451992847449e+01
2.627043425286255030e+01
2.630043138571122441e+01
2.631135417575202951e+01
2.632876859508086298e+01
2.633536449385996647e+01
2.634224076930145131e+01
2.634402354350453379e+01
2.634939815294993082e+01
2.635018583141125958e+01
2.635157040150086516e+01
2.635479036823549137e+01
2.635466761505072597e+01
2.635473399053124410e+01
2.635487512987042535e+01
2.635704469609114042e+01
2.635711463175540814e+01
2.606303296888582821e+01
2.606861928733999179e+01
2.607111663431351900e+01
2.609081347281084362e+01
2.613136333166933056e+01
2.615130699331647790e+01
2.617447954654243958e+01
2.619739864394749063e+01
2.624832517041411606e+01
2.626700799054923507e+01
2.629090135905960324e+01
2.630296882132912017e+01
2.632153488694523347e+01
2.632773033820740238e+01
2.633702392964259431e+01
2.633933653721846468e+01
2.634228592998841734e+01
2.634737991892322739e+01
2.634822968113672559e+01
2.634874117712474373e+01
2.634947384343175614e+01
2.635238363525374083e+01
2.635268771396133758e+01
2.635510473733720360e+01
2.635524143863911206e+01
2.608166648291454948e+01
2.608417207195729404e+01
2.608055770514113902e+01
2.611825985592980715e+01
2.613216803073514427e+01
2.615031248281041343e+01
2.617050886873386872e+01
2.619039854238914700e+01
2.623804462776710977e+01
2.625827978555464526e+01
2.628180089540020248e+01
2.629452962522325876e+01
2.631438559905705432e+01
2.632162642756017590e+01
2.633168326386688562e+01
2.633641152926869111e+01
2.633808335253997157e+01
2.633965202802190575e+01
2.634483926450906921e+01
2.634612556377336290e+01
2.634664359489318741e+01
2.634988750752122399e+01
2.635041456102451463e+01
2.635133406382371746e+01
2.635168383968432693e+01
2.609738493800012904e+01
2.609820499950265571e+01
2.611159655750773823e+01
2.612345943113597713e+01
2.613414856582985735e+01
2.615054784509475283e+01
2.618337985959783154e+01
2.620045879257068222e+01
2.622801524876791746e+01
2.625009950746941456e+01
2.627935899950776033e+01
2.629071900937432460e+01
2.630733458199418706e+01
2.631543478032995509e+01
2.632455548339009965e+01
2.633184591061746005e+01
2.633378528413571473e+01
2.633553338312450620e+01
2.633897388617280555e+01
2.634304146925675738e+01
2.634372712163047225e+01
2.634527346061712549e+01
2.634601909964847266e+01
2.634899594972594272e+01
2.634948769400961766e+01
2.612160618480258734e+01
2.612323923620978761e+01
2.611962204075448923e+01
2.612915655421302574e+01
2.613722144332917807e+01
2.616778532816838876e+01
2.618210229009915935e+01
2.619727418382531070e+01
2.621996347868501687e+01
2.624172176111040145e+01
2.627330600436506103e+01
2.628457876534503512e+01
2.630061583249103663e+01
2.631570628091779795e+01
2.631996460206516986e+01
2.632284683904035560e+01
2.632933368890362757e+01
2.633356308965426962e+01
2.633549070968919636e+01
2.633986710213585880e+01
2.634054709723129406e+01
2.634241477937822751e+01
2.634347249533819024e+01
2.634663823023274531e+01
2.634717440365878005e+01
2.613171291245137695e+01
2.613266523721853574e+01
2.612741381988467282e+01
2.613483290142328030e+01
2.615641273573461234e+01
2.616902734459924318e+01
2.618155660659325790e+01
2.619538835937216348e+01
2.622711159610182818e+01
2.624541308641903115e+01
2.626736508185589258e+01
2.627885803776205975e+01
2.629871352389945116e+01
2.631151472540807035e+01
2.631622772591244797e+01
2.631930611438113132e+01
2.632392142929587919e+01
2.632986649722447581e+01
2.633187312407677538e+01
2.633395617295551006e+01
2.633520057909873913e+01
2.633955175764134182e+01
2.634069228445062194e+01
2.634221311691537082e+01
2.634288335808273374e+01
2.614093768992403355e+01
2.614148054479079519e+01
2.614772569231648092e+01
2.615477914786136893e+01
2.615987182001588707e+01
2.617135804571168478e+01
2.619469436738994972e+01
2.620677416837847318e+01
2.622255295150916865e+01
2.623945392406437449e+01
2.626137192706190859e+01
2.628384995183960982e+01
2.629336193372430230e+01
2.630178020765445268e+01
2.631243242373058067e+01
2.631783731912263846e+01
2.632002897799043240e+01
2.632611386847792190e+01
2.632824476037383832e+01
2.633070826121695873e+01
2.633207688363416921e+01
2.633651682292220997e+01
2.633779936692419810e+01
2.633971791580602329e+01
2.634056514199822274e+01
2.614937020458916450e+01
2.614999045687516599e+01
2.615469614193348846e+01
2.616025612478186346e+01
2.616383269512674659e+01
2.617430460984249407e+01
2.619583830807405533e+01
2.620698114673212942e+01
2.621995455384083584e+01
2.623508211596390183e+01
2.626239769890744213e+01
2.627370128230011659e+01
2.628819391247543891e+01
2.629646119559905770e+01
2.630753458628927177e+01
2.631375647069651080e+01
2.631618158983267364e+01
2.632091682929304710e+01
2.632282094236132863e+01
2.632748824571269353e+01
2.632901927103227635e+01
2.633229820026208756e+01
2.633365165532114816e+01
2.633730835418512939e+01
2.633843561565223723e+01
2.616552348978812503e+01
2.616694541742224089e+01
2.616176910533451760e+01
2.616607800059893307e+01
2.618056458333884962e+01
2.618960944960824477e+01
2.619735440988369035e+01
2.620785285528378949e+01
2.623109875804884084e+01
2.624656317207782408e+01
2.625836313287000578e+01
2.626943515801029250e+01
2.628342931369157043e+01
2.629947272089081878e+01
2.630476495841365647e+01
2.631026012641000378e+01
2.631277615215578436e+01
2.631739156460981732e+01
2.631937439187762351e+01
2.632430412466372616e+01
2.632588148114164284e+01
2.632963684098805857e+01
2.633108866441170903e+01
2.633492922481982035e+01
2.633620216120265667e+01
2.617220244326474443e+01
2.617376297421674280e+01
2.616883572868229990e+01
2.617224501916077273e+01
2.618463519014050433e+01
2.619268471681994725e+01
2.619912947848359508e+01
2.620908199652959070e+01
2.623063768986894928e+01
2.624324859224091355e+01
2.625582984267154174e+01
2.627663887281710586e+01
2.628598776902445877e+01
2.629653098495440133e+01
2.630218338627124552e+01
2.630687731784624361e+01
2.630877884612358031e+01
2.631395013493834867e+01
2.631611472665575135e+01
2.632066766520048873e+01
2.632270257844419348e+01
2.632698586964742304e+01
2.632844013155309071e+01
2.633138064824849778e+01
2.633281515844982223e+01
2.617855859049187472e+01
2.618022295200817950e+01
2.618464484652929158e+01
2.618826540708977291e+01
2.618905323186002576e+01
2.619614067984423755e+01
2.621249109192950399e+01
2.622046751291805933e+01
2.623079926368743742e+01
2.624242009359060646e+01
2.626239448011117616e+01
2.627368011627620348e+01
2.628285461224965758e+01
2.629351102251485983e+01
2.629959108480795393e+01
2.630465020344990990e+01
2.630653407711744052e+01
2.631100932562510053e+01
2.631349716251875392e+01
2.631841436150728697e+01
2.632046073561647148e+01
2.632445365238104529e+01
2.632605558875770058e+01
2.632917499249392179e+01
2.633070470103321270e+01
2.618499042820083034e+01
2.618646688029285841e+01
2.619035533248779402e+01
2.619331530826970322e+01
2.619328848496751050e+01
2.619939580948955893e+01
2.621417983826598785e+01
2.622258543208964454e+01
2.623115459928704496e+01
2.625242416114645394e+01
2.626091505307108775e+01
2.627107810965448209e+01
2.627979899920302032e+01
2.629462599403259659e+01
2.629931163476873479e+01
2.630294219310548698e+01
2.630472525992641053e+01
2.630943094498473300e+01
2.631220647398682999e+01
2.631641797627946033e+01
2.631871590419358498e+01
2.632286902922671601e+01
2.632445682240766871e+01
2.632745635036790333e+01
2.632900186027066880e+01
2.619830546664020332e+01
2.620017027137835797e+01
2.619618623068832974e+01
2.619863402770725713e+01
2.620653856224593170e+01
2.621201051589347131e+01
2.621599080132119397e+01
2.622377497238748134e+01
2.624089438416181963e+01
2.625138088100003486e+01
2.625975706673056109e+01
2.626719034023451016e+01
2.628209419601728314e+01
2.629206329574099854e+01
2.629741317897873643e+01
2.630150670751135422e+01
2.630327221726175324e+01
2.630812723495883176e+01
2.631098381910319617e+01
2.631481560097604344e+01
2.631720555720151111e+01
2.632133190770208842e+01
2.632279143672891308e+01
2.632589786774079954e+01
2.632737100349728365e+01
2.620389002938731338e+01
2.620560442855462213e+01
2.620191295693706834e+01
2.620417864811891917e+01
2.621108311241253119e+01
2.621582493577435358e+01
2.621836983314722147e+01
2.623295156545546902e+01
2.624120997250454224e+01
2.625062739005658941e+01
2.625902420534498560e+01
2.627293681818759552e+01
2.628003138653929938e+01
2.628956443690862343e+01
2.629553423104487919e+01
2.630178498707920554e+01
2.630403375519585651e+01
2.630720105071890202e+01
2.630990532727644293e+01
2.631462964233737978e+01
2.631656487043620274e+01
2.631968773681688845e+01
2.632111405371863455e+01
2.632504478919175739e+01
2.632721713528197327e+01
2.620928429299777207e+01
2.621103614724887265e+01
2.621548052457418621e+01
2.621811886457797058e+01
2.621596690419741904e+01
2.622003331681000304e+01
2.623050854786129449e+01
2.623456208528882527e+01
2.624221014028888987e+01
2.625936198387406506e+01
2.626665709298689677e+01
2.627257377698481022e+01
2.627935709749178628e+01
2.629239356374546333e+01
2.629765244283430548e+01
2.630141975124260512e+01
2.630363374660568354e+01
2.630645068103243744e+01
2.631122991070841266e+01
2.631381226316507238e+01
2.631576309754881038e+01
2.631831711484442238e+01
2.632196152375903608e+01
2.632447125822121237e+01
2.632656747490283777e+01
2.621418515415678385e+01
2.621583088567047781e+01
2.622060255605219581e+01
2.622326913367774637e+01
2.622123831708383079e+01
2.622919591299120867e+01
2.623423576762522913e+01
2.623693897125068020e+01
2.624427397392932093e+01
2.626076108731649583e+01
2.626803556687145758e+01
2.627326245307622798e+01
2.627977456561320224e+01
2.629161085978745049e+01
2.629677410161155748e+01
2.630135396099777267e+01
2.630376791188629326e+01
2.630874100088266943e+01
2.631120308740621994e+01
2.631341776554426204e+01
2.631527101187765183e+01
2.631893058815041542e+01
2.632135507328125712e+01
2.632418312718601072e+01
2.632599452916797844e+01
2.622457479448926065e+01
2.622700742415003816e+01
2.622539792847912565e+01
2.622798081740182852e+01
2.623412530438982770e+01
2.623354748169093398e+01
2.623825204504752762e+01
2.625012398982887163e+01
2.625683795990726566e+01
2.626240277095003606e+01
2.626933366838871819e+01
2.628116415897576275e+01
2.628633310684779190e+01
2.629124489240624385e+01
2.629626611703764638e+01
2.630426389912867791e+01
2.630697071170751755e+01
2.630906551406957306e+01
2.631164264817471476e+01
2.631337143438592818e+01
2.631688714021965225e+01
2.631901291130333220e+01
2.632130649871946559e+01
2.632373483665189084e+01
2.632661907318233219e+01
2.622909213119654126e+01
2.623128783794448537e+01
2.622978626948767555e+01
2.623533674225618384e+01
2.623863396010112936e+01
2.623793601777804341e+01
2.624236376465599818e+01
2.625305928817276424e+01
2.625910984483344279e+01
2.626397325090866630e+01
2.627055300693680806e+01
2.628179148285961730e+01
2.628687913174117696e+01
2.629123465078177091e+01
2.629597286519020827e+01
2.630415363097183956e+01
2.630766436230224770e+01
2.630986762834444903e+01
2.631231615690798264e+01
2.631615110880745334e+01
2.631776557898167823e+01
2.631911147474648516e+01
2.632117345514058471e+01
2.632523957513532409e+01
2.632660571030087482e+01
2.623381708026280279e+01
2.623561155917956711e+01
2.624164470507864166e+01
2.623992684326686842e+01
2.624310920860878582e+01
2.625044167526612782e+01
2.625441108506404930e+01
2.625605350024219931e+01
2.626141386895261221e+01
2.627317983730547013e+01
2.627878649269966260e+01
2.628276960676652507e+01
2.628780536475075280e+01
2.629713289985562952e+01
2.630107626666560350e+01
2.630434163793540137e+01
2.630807500267401622e+01
2.631422246461007575e+01
2.631539196058572827e+01
2.631719843683401905e+01
2.631895131524756692e+01
2.631954620732058459e+01
2.632398214749811771e+01
2.632609333645933347e+01
2.632723225387048416e+01
2.624412717731186007e+01
2.624287608972790053e+01
2.624585050132335340e+01
2.624853912282634028e+01
2.624732885543135552e+01
2.625392743654067473e+01
2.625755072820101788e+01
2.625887677472220005e+01
2.626383971963338126e+01
2.627485526953013562e+01
2.628033200260243163e+01
2.628403956820130105e+01
2.628920593128239247e+01
2.629839934987630201e+01
2.630209813693990739e+01
2.630476120315135091e+01
2.630847588911771240e+01
2.631514718576080014e+01
2.631781112982576687e+01
2.631858773757873848e+01
2.632224931340675766e+01
2.632412631055499830e+01
2.632501694172711382e+01
2.632703068894690546e+01
2.633122658495462431e+01
2.577198623835698754e+01
2.609776250213917237e+01
2.634999066994437911e+01
2.656376314562262664e+01
2.673832082479915684e+01
2.681306141658085096e+01
2.686349880058052619e+01
2.692960687767465089e+01
2.699107797763576855e+01
2.700516750480187866e+01
2.702867499173501287e+01
2.703722703701698649e+01
2.705595469914926809e+01
2.705819105392498614e+01
2.705849295892512529e+01
2.705783907264006771e+01
2.706444697129363064e+01
2.706400323172966793e+01
2.706874108507795995e+01
2.706330245320106087e+01
2.706640588029500805e+01
2.706566052518920173e+01
2.706886627578990812e+01
2.706673137614606972e+01
2.706553490028981557e+01
2.575491536313222340e+01
2.601947083601260857e+01
2.640143913176331125e+01
2.649889250273329111e+01
2.655603678012291269e+01
2.670270920513515023e+01
2.683305748495532583e+01
2.687700506928519673e+01
2.695499743553626359e+01
2.697481505287278836e+01
2.700696475134632735e+01
2.702009906614382828e+01
2.704403089893526158e+01
2.704783409145378670e+01
2.705036294383510054e+01
2.705019418964997868e+01
2.705751328733071404e+01
2.705761097950477634e+01
2.705907954615693711e+01
2.705909836094601673e+01
2.706239688292979295e+01
2.706130302003859001e+01
2.705903410120485475e+01
2.706230034858890576e+01
2.706099619424746194e+01
2.585530934090604660e+01
2.616565740527917683e+01
2.632571742109574231e+01
2.643399276928545660e+01
2.650596946855149838e+01
2.662189954131327951e+01
2.676329079976029135e+01
2.682098403480356907e+01
2.690473054247146933e+01
2.693403558956546817e+01
2.698310036233728226e+01
2.699933767004128882e+01
2.702253167364254693e+01
2.702898210698443648e+01
2.704201438773347022e+01
2.704224117830644047e+01
2.704373724349648711e+01
2.704557385636885414e+01
2.705385873164591004e+01
2.705400461862584294e+01
2.705807136292061443e+01
2.705537028285465695e+01
2.705388594072550035e+01
2.705240811140794932e+01
2.705621680363405090e+01
2.611598448063267952e+01
2.620074032937007402e+01
2.629608731233812691e+01
2.639133023504965792e+01
2.652673477234099764e+01
2.658004676665359511e+01
2.669522931337236571e+01
2.676732787457997986e+01
2.686730836118151089e+01
2.690179109350080111e+01
2.695680293164208052e+01
2.697670608390433600e+01
2.700681481195028510e+01
2.701539204010379436e+01
2.703230928533927369e+01
2.703395152696754167e+01
2.703602506145315587e+01
2.703766932928948208e+01
2.704763928602224610e+01
2.704785507718006698e+01
2.704478537197731214e+01
2.704962887760273915e+01
2.704808186775303724e+01
2.704631544851684666e+01
2.704621037515629922e+01
2.629211348415557126e+01
2.625447811683243771e+01
2.637700031277078239e+01
2.643173094217991093e+01
2.650025165415049955e+01
2.655288906591005826e+01
2.666798564351565304e+01
2.673743247729635186e+01
2.682938469339803333e+01
2.686991522257292786e+01
2.692774276626439800e+01
2.695044758534961105e+01
2.698934238570783961e+01
2.700114721856321509e+01
2.701241930342936826e+01
2.701512921197327799e+01
2.702690032293745759e+01
2.702871566062525233e+01
2.703266474012371035e+01
2.703937004149304357e+01
2.703740013307650969e+01
2.703624779961001678e+01
2.704199094161169725e+01
2.704194347045156022e+01
2.704215781431791044e+01
2.634896844798082327e+01
2.630150032715604880e+01
2.638617194353003015e+01
2.643190664336407636e+01
2.648433564515229932e+01
2.653505525098815454e+01
2.663593436086190991e+01
2.669792720939709696e+01
2.679415790853525436e+01
2.683839278022144015e+01
2.690352900109508028e+01
2.692905270977171028e+01
2.697074497980764107e+01
2.698513293847436145e+01
2.699970745301125774e+01
2.700380270894794421e+01
2.701728292640619600e+01
2.701917598364579831e+01
2.702402383114563023e+01
2.703141428029571713e+01
2.702978622212382831e+01
2.702973817204710372e+01
2.703073231655618969e+01
2.703740881682531594e+01
2.703786847659542047e+01
2.638889936430069838e+01
2.639655886493460812e+01
2.640005913934896853e+01
2.643702513436834423e+01
2.651870534400796942e+01
2.656157860388145053e+01
2.661612644037822051e+01
2.666732162619032565e+01
2.678223222684233917e+01
2.682379539847935845e+01
2.688020112303306774e+01
2.690744985840991887e+01
2.695001716086715149e+01
2.696389856752021785e+01
2.698631754654058312e+01
2.699115092112573677e+01
2.699882489467432478e+01
2.701261106954882507e+01
2.701510547639320947e+01
2.701505829469136799e+01
2.701583447710543595e+01
2.702340670606384876e+01
2.702477309393839988e+01
2.703191634570582380e+01
2.703263564956521137e+01
2.642549383960034248e+01
2.642733711001346464e+01
2.641711546929448318e+01
2.648484523647803712e+01
2.651630124815116218e+01
2.655475911121532562e+01
2.660270064107914934e+01
2.664713712046676974e+01
2.675620775531792006e+01
2.680077043852151419e+01
2.685667568968573349e+01
2.688617814733591160e+01
2.693191458391971693e+01
2.694782697468924937e+01
2.697204189769174576e+01
2.698314189960240128e+01
2.698782475587492868e+01
2.699226446718089889e+01
2.700613444023137077e+01
2.700787220309650394e+01
2.700940705569788136e+01
2.701733560781561749e+01
2.701884122512934638e+01
2.702186215660964308e+01
2.702391948143081635e+01
2.645344147202689200e+01
2.645302392843849049e+01
2.647322580165965888e+01
2.649369325286512833e+01
2.651640111126242516e+01
2.655159793719182204e+01
2.662439756638633526e+01
2.666350338184053825e+01
2.673036260320633772e+01
2.678053556705488347e+01
2.684669212841317432e+01
2.687297986225554425e+01
2.691332861162211287e+01
2.693247034384327065e+01
2.695354406544451464e+01
2.697144561360709858e+01
2.697605914461832555e+01
2.698133206162218656e+01
2.699124586344601084e+01
2.700070868924853329e+01
2.700188953435694117e+01
2.700600230252038259e+01
2.700846863191029712e+01
2.701627474316987332e+01
2.701830992443159474e+01
2.649440459662145031e+01
2.649550236719961305e+01
2.648825462098823280e+01
2.650415514396772920e+01
2.652037088702886791e+01
2.658346888732870283e+01
2.661850940577960145e+01
2.665345816595145578e+01
2.670950886990816997e+01
2.675994466188723209e+01
2.683206710340405721e+01
2.685909310062404387e+01
2.689689418282021904e+01
2.693227886718210939e+01
2.694175211348320076e+01
2.694865699634591039e+01
2.696464927760445462e+01
2.697673879269150277e+01
2.698204702360717278e+01
2.699235072575236671e+01
2.699367818148643750e+01
2.699917658650094765e+01
2.700209606284936470e+01
2.701039888454061710e+01
2.701259818865476348e+01
2.651325035773748695e+01
2.651216170509556846e+01
2.650140442180443401e+01
2.651360335212643093e+01
2.655581650236154445e+01
2.658394634878386142e+01
2.661455945790626387e+01
2.664592052725911486e+01
2.672167046011030322e+01
2.676536317641273044e+01
2.681813243642498179e+01
2.684521082559609795e+01
2.689226661308175537e+01
2.692187370990503936e+01
2.693345059435426947e+01
2.693983170243485858e+01
2.695016869228380685e+01
2.696663843499750612e+01
2.697280215989966834e+01
2.697665890220249452e+01
2.697979416970872890e+01
2.699160464700082684e+01
2.699501200530296430e+01
2.699876063493316281e+01
2.700051012085918245e+01
2.653121240268341907e+01
2.652934365994046928e+01
2.653837548234394461e+01
2.655241218337148723e+01
2.656264381040159250e+01
2.658764490212928067e+01
2.664047538257061376e+01
2.666893911913449955e+01
2.670872009605833242e+01
2.674905639871828100e+01
2.680232482955770124e+01
2.685608765516245455e+01
2.687875383156548281e+01
2.689775286084793748e+01
2.692376633295720367e+01
2.693455502247318378e+01
2.694000914036878669e+01
2.695682232534774414e+01
2.696279370521386198e+01
2.696816822207874509e+01
2.697212280128478312e+01
2.698405398268527478e+01
2.698707795347765170e+01
2.699152620380328216e+01
2.699399615142186448e+01
2.654808391350852048e+01
2.654773728720203252e+01
2.655262522467551634e+01
2.656309087873593100e+01
2.657156274407059726e+01
2.659475732658844294e+01
2.664264067533526870e+01
2.666826352347743168e+01
2.670053030783069659e+01
2.673757908792202187e+01
2.680238590525763342e+01
2.682834466974942345e+01
2.686354236405370344e+01
2.688324521117684540e+01
2.690868121399054047e+01
2.692391916693618015e+01
2.692992687381813255e+01
2.694407877924649242e+01
2.694959324919629395e+01
2.696072610462326935e+01
2.696442277648977637e+01
2.697340437787932999e+01
2.697666092841054919e+01
2.698550112942371726e+01
2.698788308172107264e+01
2.658085956554179319e+01
2.658203375310944594e+01
2.656764999158797735e+01
2.657495953714502690e+01
2.660596327023452901e+01
2.662656864831686221e+01
2.664553902122825946e+01
2.667012546395048034e+01
2.672638124910815094e+01
2.676360283580070387e+01
2.679123495868731553e+01
2.681821232691399359e+01
2.685128033182371610e+01
2.688985745170480968e+01
2.690265092936169466e+01
2.691529982260096432e+01
2.692274541355596540e+01
2.693509167814936589e+01
2.694014634359991334e+01
2.695282114335645218e+01
2.695716562288385632e+01
2.696708912156051241e+01
2.696985359299275231e+01
2.697887571854339583e+01
2.698201388063256445e+01
2.659432299441902003e+01
2.659651607517985639e+01
2.658359349912406344e+01
2.658851819780082337e+01
2.661420371366353166e+01
2.663265175908427551e+01
2.664850119267497064e+01
2.667182805763295050e+01
2.672404213663823924e+01
2.675508567024310125e+01
2.678547806741669390e+01
2.683624239455890148e+01
2.685802051291741677e+01
2.688331627318790495e+01
2.689743170687128071e+01
2.690763134875995277e+01
2.691118126527165089e+01
2.692502692382547025e+01
2.693123160707616393e+01
2.694417748452458383e+01
2.694956010622168563e+01
2.696041117399991904e+01
2.696322861629987244e+01
2.697069504825200781e+01
2.697512549689258421e+01
2.660746382202812299e+01
2.661012365428725701e+01
2.661585811254012768e+01
2.662225152259819438e+01
2.662396482623752547e+01
2.664017941146548907e+01
2.667852525417006504e+01
2.669841349933020425e+01
2.672361344890553880e+01
2.675205634447229386e+01
2.680047938820738196e+01
2.682876351590014252e+01
2.685056927752569322e+01
2.687628648907153917e+01
2.689001477228733705e+01
2.690086222183690268e+01
2.690568705740239608e+01
2.691731778109421924e+01
2.692412077463761477e+01
2.693799176079211577e+01
2.694373736318928891e+01
2.695374480477106616e+01
2.695662824356194065e+01
2.696552488894234756e+01
2.697061921017910535e+01
2.662128357406467316e+01
2.662370373485677177e+01
2.662782547622731499e+01
2.663227314763635434e+01
2.663285148530680502e+01
2.664601402228792182e+01
2.667990177308488597e+01
2.670009496255724812e+01
2.672336089654444535e+01
2.677441294523040582e+01
2.679506101841102961e+01
2.682188338172152697e+01
2.684176410096603860e+01
2.687622193987208519e+01
2.688754786398083496e+01
2.689668577284888684e+01
2.690065916684400094e+01
2.691326001000654600e+01
2.692121302135008420e+01
2.693305244447153513e+01
2.693879023149478513e+01
2.694954230453663513e+01
2.695337342978048412e+01
2.696154787671856212e+01
2.696665638141170618e+01
2.665018149806883940e+01
2.665313788034967857e+01
2.664095226510918124e+01
2.664374828749541280e+01
2.665927700129688915e+01
2.667101916643171577e+01
2.668140623256544330e+01
2.670030308307028832e+01
2.674155016625078574e+01
2.676974296985194002e+01
2.678924594602341358e+01
2.680746314845507783e+01
2.684382620184905477e+01
2.686930099207408418e+01
2.688189271730038499e+01
2.689215531636789791e+01
2.689697045508055950e+01
2.691013733393608121e+01
2.691775717878378060e+01
2.692855281529880784e+01
2.693549749867687737e+01
2.694589715624637094e+01
2.694875353068680113e+01
2.695742078036959199e+01
2.696401145625468843e+01
2.666169933302618844e+01
2.666526748541037861e+01
2.665425432098777492e+01
2.665692081078765696e+01
2.667021895897928729e+01
2.667988643179532815e+01
2.668535979866744867e+01
2.671977537666264269e+01
2.673961180878824706e+01
2.676492016049450129e+01
2.678542567546556796e+01
2.682013490889953644e+01
2.683805295618485331e+01
2.686222894704686581e+01
2.687744070401694074e+01
2.689438747399835705e+01
2.689929002911566158e+01
2.690748169882220608e+01
2.691526856110526467e+01
2.692838999500870401e+01
2.693362354568464312e+01
2.694104901928824702e+01
2.694588297278998823e+01
2.696050336646640488e+01
2.696626040246617251e+01
2.667358420109972172e+01
2.667779292468746632e+01
2.668566025637612071e+01
2.669007565318543485e+01
2.668225260861568771e+01
2.669011328276359407e+01
2.671272894869440151e+01
2.672210262134252545e+01
2.674140659493719951e+01
2.678585320536509329e+01
2.680446754457546632e+01
2.681911587097720684e+01
2.683755610102402756e+01
2.687039181565320334e+01
2.688274734291199763e+01
2.689265926325691325e+01
2.689823422999005942e+01
2.690503997338723963e+01
2.691796023377668234e+01
2.692584363040062811e+01
2.693226786776695647e+01
2.693882988728099548e+01
2.695159847152463684e+01
2.695852607686338942e+01
2.696279298156812843e+01
2.668415000772969492e+01
2.668837523044016891e+01
2.669805297902562913e+01
2.670268054876409280e+01
2.669587552901264615e+01
2.671148442276142276e+01
2.672297345661857193e+01
2.672813145867990414e+01
2.674675795513860521e+01
2.679026324719598051e+01
2.680932451001154249e+01
2.682215272266364536e+01
2.683895939483100079e+01
2.686785789775175459e+01
2.688042892671006712e+01
2.689196022147806886e+01
2.689801800464480053e+01
2.691056877152256988e+01
2.691784459518842354e+01
2.692477972644280726e+01
2.693065949275902682e+01
2.694259400292989426e+01
2.694943694171779569e+01
2.695632952260303128e+01
2.695964570154271200e+01
2.670767688836849629e+01
2.671340859676758228e+01
2.670888204797355669e+01
2.671337473014724040e+01
2.672606501592248307e+01
2.672306999095945912e+01
2.673374767321987733e+01
2.676382673179073990e+01
2.678094920295632164e+01
2.679548767993567537e+01
2.681274547285347865e+01
2.684174051011511608e+01
2.685419286117308957e+01
2.686666590849904779e+01
2.687842109925708556e+01
2.689798486167019220e+01
2.690520308313563547e+01
2.691123192047301771e+01
2.691838530328071499e+01
2.692456697459707016e+01
2.693591779211906356e+01
2.694272975886955379e+01
2.694866365388666196e+01
2.695454834099387043e+01
2.696125914207078011e+01
2.671833836096447712e+01
2.672349013967249931e+01
2.671892509292543849e+01
2.672946369047581783e+01
2.673702868297689506e+01
2.673422542413332792e+01
2.674485114863005819e+01
2.677123599572990287e+01
2.678570514744795972e+01
2.679852655783016857e+01
2.681496561796475575e+01
2.684221406388331133e+01
2.685398141188967358e+01
2.686544974947883446e+01
2.687752030504765699e+01
2.689778412234363714e+01
2.690635411403980726e+01
2.691219943481910093e+01
2.691990322257191792e+01
2.693282275931562708e+01
2.693870194671526264e+01
2.694301559893440512e+01
2.694883761832106472e+01
2.695923177618298183e+01
2.696271338053741218e+01
2.673033626250162698e+01
2.673447710811954181e+01
2.674700182375089241e+01
2.674094215910525207e+01
2.674865101237820753e+01
2.676557100746747508e+01
2.677433956755299960e+01
2.677801742463043055e+01
2.679064316120621925e+01
2.681860917423440682e+01
2.683194784658712706e+01
2.684286852908495291e+01
2.685542436148286072e+01
2.688029678899907537e+01
2.689063956801389565e+01
2.689857723806787604e+01
2.690798058019108296e+01
2.692440024662000653e+01
2.692885877271505279e+01
2.693522613152670431e+01
2.694119997178831483e+01
2.694442265569919215e+01
2.695574814562050037e+01
2.696110818957070876e+01
2.696477056062943944e+01
2.675551609472556081e+01
2.675192160163665989e+01
2.675806694593718404e+01
2.676280291780656739e+01
2.675903938107425262e+01
2.677324845451558488e+01
2.678097033341174793e+01
2.678431791857627786e+01
2.679536089720311409e+01
2.682140201257940859e+01
2.683538603219752972e+01
2.684530084712537956e+01
2.685852894640997945e+01
2.688306690486803774e+01
2.689292657799097697e+01
2.689996822989737524e+01
2.690870668632037166e+01
2.692666178426725665e+01
2.693502278707550701e+01
2.693847226155935459e+01
2.694921637449813545e+01
2.695462012665066354e+01
2.695784425785300797e+01
2.696304307353372565e+01
2.697200050515576919e+01
2.757057955753864320e+01
2.754554148326206686e+01
2.752705403916942117e+01
2.751444744816134502e+01
2.750299191470199744e+01
2.749999090076748232e+01
2.749827066017050115e+01
2.749619899211784713e+01
2.749321907343501437e+01
2.749273221332015993e+01
2.749167758794090943e+01
2.749122568077152806e+01
2.749011038796385975e+01
2.749002538953512698e+01
2.749002939134438961e+01
2.749007406296949796e+01
2.748960770355180827e+01
2.748962850152623361e+01
2.748925757954257776e+01
2.748956670215748233e+01
2.748935250245828144e+01
2.748944659071090868e+01
2.748923354581952339e+01
2.748943787820045870e+01
2.748955543992284234e+01
2.757153738486870864e+01
2.755132913992578381e+01
2.752417334248881176e+01
2.751907244202947211e+01
2.751571036199582920e+01
2.750637559307191893e+01
2.750080794444770049e+01
2.749910556335376910e+01
2.749529658412919275e+01
2.749439415327305980e+01
2.749290767550570180e+01
2.749234097357919282e+01
2.749093039298293206e+01
2.749068014269914784e+01
2.749057162506569441e+01
2.749062676999732702e+01
2.749010150394729735e+01
2.749004976627040620e+01
2.748986623186389622e+01
2.748987215454160449e+01
2.748964537772758021e+01
2.748977159479171206e+01
2.749006078839648737e+01
2.748983351993161151e+01
2.748995654698207503e+01
2.756092723933289790e+01
2.753985328870912852e+01
2.752925230159965864e+01
2.752320881498667049e+01
2.751963888097994015e+01
2.751303769079441608e+01
2.750487162168121458e+01
2.750220234630080185e+01
2.749835934026375739e+01
2.749704936515234621e+01
2.749437974675971574e+01
2.749352514324113628e+01
2.749231243496228316e+01
2.749200019093615666e+01
2.749118367320801326e+01
2.749119436375561421e+01
2.749108513723023606e+01
2.749091279645591612e+01
2.749026570389819923e+01
2.749025137742104263e+01
2.748996611702308357e+01
2.749024100701818085e+01
2.749040772239204955e+01
2.749056610256891275e+01
2.749031676698438886e+01
2.754100512375223175e+01
2.753704689990965093e+01
2.753187013658043369e+01
2.752639934317410564e+01
2.751923748807719150e+01
2.751609674239697512e+01
2.750892737533238730e+01
2.750541056248518146e+01
2.750063559223964305e+01
2.749893622965327111e+01
2.749589857057965148e+01
2.749494593416788746e+01
2.749337038756009122e+01
2.749285650951584614e+01
2.749183770604636479e+01
2.749182114998976090e+01
2.749169279481610673e+01
2.749150280034607263e+01
2.749073949524737870e+01
2.749073160596626053e+01
2.749094888134172265e+01
2.749062675856358950e+01
2.749078470425830290e+01
2.749099409035264685e+01
2.749097049111173874e+01
2.752975602648211506e+01
2.753304240371825529e+01
2.752778785665072192e+01
2.752511632882338688e+01
2.752115215943561566e+01
2.751844686777184634e+01
2.751180105169617462e+01
2.750795303768067868e+01
2.750286700108431148e+01
2.750098858611780273e+01
2.749801518466719585e+01
2.749669544514118869e+01
2.749444405011768922e+01
2.749383135025214742e+01
2.749325729643033966e+01
2.749310342114733174e+01
2.749232551516169920e+01
2.749214154627304296e+01
2.749180074076252112e+01
2.749133637081572346e+01
2.749147311835508489e+01
2.749156004908600437e+01
2.749118543400408754e+01
2.749124304862372625e+01
2.749117939698897217e+01
2.752724672056853095e+01
2.753059765270494452e+01
2.752739090003938216e+01
2.752548377494985132e+01
2.752268859121630840e+01
2.751986299373237088e+01
2.751413315749562472e+01
2.751058610240413671e+01
2.750514949588264813e+01
2.750287522194390988e+01
2.749951468546526812e+01
2.749813113423213551e+01
2.749564341522108890e+01
2.749482802943327897e+01
2.749407536914722172e+01
2.749387926905962942e+01
2.749299725886447376e+01
2.749278436261171876e+01
2.749236553325432553e+01
2.749187516298106004e+01
2.749199709239241329e+01
2.749199208441396536e+01
2.749190787491334476e+01
2.749149802104243889e+01
2.749143495252846492e+01
2.752665547040063743e+01
2.752696190608646276e+01
2.752698499080903716e+01
2.752534180219096527e+01
2.752151017272596434e+01
2.751929472538338217e+01
2.751589904158567634e+01
2.751274254021070931e+01
2.750646204358572433e+01
2.750437955921431765e+01
2.750108404641931870e+01
2.749948295683468658e+01
2.749708330049489291e+01
2.749640612576526166e+01
2.749501517690186603e+01
2.749470124068210808e+01
2.749414650988216735e+01
2.749315616499340820e+01
2.749298616813594620e+01
2.749301436374063456e+01
2.749298441877361299e+01
2.749242979087733474e+01
2.749231665401261893e+01
2.749182283074965127e+01
2.749172296845794250e+01
2.752514312951170083e+01
2.752558881672611690e+01
2.752633274163424204e+01
2.752372660337024968e+01
2.752203918904296032e+01
2.751995631592436808e+01
2.751695015680651579e+01
2.751447977134644418e+01
2.750827570927836874e+01
2.750583831016036029e+01
2.750254223711206336e+01
2.750095571411314666e+01
2.749832918948940019e+01
2.749739978643883731e+01
2.749592346183326441e+01
2.749524706459800782e+01
2.749492658827854186e+01
2.749452916288382909e+01
2.749358289506566067e+01
2.749351350369305180e+01
2.749343537694251083e+01
2.749286032838525884e+01
2.749272855452311859e+01
2.749243290085481917e+01
2.749226020563454043e+01
2.752419154500408638e+01
2.752457067641359956e+01
2.752431155354699399e+01
2.752347032750509115e+01
2.752224659710015686e+01
2.752051184708616205e+01
2.751642841234863468e+01
2.751404100154518417e+01
2.750986740032810474e+01
2.750724591798402585e+01
2.750365122992857536e+01
2.750206037354191579e+01
2.749953129869057733e+01
2.749851697724746913e+01
2.749728691255015889e+01
2.749607925798471797e+01
2.749569016778701069e+01
2.749527982226525324e+01
2.749463295838235410e+01
2.749399671644460597e+01
2.749387770263714614e+01
2.749354969148252437e+01
2.749336764346231021e+01
2.749283161826223676e+01
2.749263411182452899e+01
2.752318177418979772e+01
2.752340732759356001e+01
2.752374919644197249e+01
2.752319276201465570e+01
2.752232280298225220e+01
2.751922321876873312e+01
2.751695450162799972e+01
2.751495916522858920e+01
2.751134427375323455e+01
2.750842664609000465e+01
2.750446582678827312e+01
2.750298532886732872e+01
2.750072637614119486e+01
2.749865405636531435e+01
2.749802520062409172e+01
2.749764361096032061e+01
2.749652953012917322e+01
2.749553023262140883e+01
2.749517426597065395e+01
2.749451193223652012e+01
2.749443625230649957e+01
2.749400154148320397e+01
2.749377170042665597e+01
2.749319930449725646e+01
2.749306600994760075e+01
2.752246565613917539e+01
2.752282817432337936e+01
2.752337628498742816e+01
2.752291863808018846e+01
2.752092469659714524e+01
2.751943775004641779e+01
2.751747781250836411e+01
2.751561324380190143e+01
2.751096380459605228e+01
2.750846000974551231e+01
2.750532733628626403e+01
2.750365701540139440e+01
2.750083260702649568e+01
2.749921314342048362e+01
2.749858740909048649e+01
2.749812204440824104e+01
2.749734015948082799e+01
2.749615517802329379e+01
2.749581412097047917e+01
2.749559695993242414e+01
2.749531906286350491e+01
2.749448326784846230e+01
2.749428292584304856e+01
2.749404407499878999e+01
2.749380940890365110e+01
2.752166153258600545e+01
2.752208555286170011e+01
2.752189051611199488e+01
2.752118367082512052e+01
2.752074397489085911e+01
2.751934738919327472e+01
2.751630493938228383e+01
2.751467064621451541e+01
2.751201124958611288e+01
2.750953190007329141e+01
2.750627756017873082e+01
2.750307051023591143e+01
2.750176825289950955e+01
2.750056331956436395e+01
2.749904512460016903e+01
2.749841265579686933e+01
2.749805343053000328e+01
2.749687251948417455e+01
2.749641635896323422e+01
2.749613608367624096e+01
2.749590634552336255e+01
2.749505697865804876e+01
2.749482608569735120e+01
2.749447413228960002e+01
2.749424597199294595e+01
2.752085355586220317e+01
2.752112365511992920e+01
2.752124557309753783e+01
2.752068798386240900e+01
2.752020137528985089e+01
2.751898632309414694e+01
2.751630420762287343e+01
2.751478943134716104e+01
2.751262613329613771e+01
2.751042155944100998e+01
2.750657248208762340e+01
2.750504472851616100e+01
2.750276329705571499e+01
2.750166117591739123e+01
2.750019493587115704e+01
2.749918487921334886e+01
2.749866072223617053e+01
2.749754810492384038e+01
2.749730455481213554e+01
2.749666963918831541e+01
2.749639093032380543e+01
2.749575370508435768e+01
2.749556152676984055e+01
2.749492170607123853e+01
2.749470013160925674e+01
2.751934682893997675e+01
2.751951177208403010e+01
2.752049601135522749e+01
2.752019288002047404e+01
2.751855349883807378e+01
2.751741142820957364e+01
2.751617768184773993e+01
2.751478317709097254e+01
2.751127968455173800e+01
2.750899374819743670e+01
2.750724967968473322e+01
2.750574902407884537e+01
2.750376379510625569e+01
2.750136578522512565e+01
2.750046537814110437e+01
2.749965618944078471e+01
2.749909862307313446e+01
2.749815758047449066e+01
2.749784557655691941e+01
2.749711721296995393e+01
2.749689065339700278e+01
2.749623171548386935e+01
2.749602892665793874e+01
2.749538444099311363e+01
2.749516846906409384e+01
2.751869407668058898e+01
2.751875090237211552e+01
2.751966826569366731e+01
2.751955380251502348e+01
2.751822505320130574e+01
2.751715745052630524e+01
2.751617824210103791e+01
2.751478026148707912e+01
2.751145690753335771e+01
2.750958986913889248e+01
2.750768546527966052e+01
2.750461119536816312e+01
2.750318256089525448e+01
2.750161979720961725e+01
2.750075295958843569e+01
2.750010340877645731e+01
2.749983208610847285e+01
2.749883510965008071e+01
2.749853596869085237e+01
2.749769231869591124e+01
2.749725296577387468e+01
2.749663207934995413e+01
2.749648722528839784e+01
2.749587973920863959e+01
2.749539146130993217e+01
2.751802497417192939e+01
2.751803922061290564e+01
2.751813069053890004e+01
2.751783251001389274e+01
2.751773431704833683e+01
2.751675715526266686e+01
2.751449053049648796e+01
2.751322496403415130e+01
2.751161319533565930e+01
2.750976546852932358e+01
2.750675884062809828e+01
2.750495660867620273e+01
2.750373152908986185e+01
2.750211907436692371e+01
2.750124084873995756e+01
2.750057554223322853e+01
2.750031328652165641e+01
2.749948241944887428e+01
2.749897469275715167e+01
2.749801486452245669e+01
2.749767377316841532e+01
2.749707898997462863e+01
2.749683774947855497e+01
2.749607769156223469e+01
2.749558198173204104e+01
2.751728413637381010e+01
2.751735538001241821e+01
2.751754110969715228e+01
2.751743240912384891e+01
2.751729905740548787e+01
2.751658503172942360e+01
2.751465636547231952e+01
2.751341306050322189e+01
2.751167981974300858e+01
2.750856130125481158e+01
2.750735779713726004e+01
2.750551919445604199e+01
2.750430170687355513e+01
2.750227724873645130e+01
2.750163819409848287e+01
2.750091095101811334e+01
2.750059408776072090e+01
2.749970493147759854e+01
2.749924656424469305e+01
2.749843207028866132e+01
2.749803128337417135e+01
2.749735775600784393e+01
2.749697120410058560e+01
2.749627829654368227e+01
2.749576048529262096e+01
2.751584078667655930e+01
2.751587864379217763e+01
2.751688828883532167e+01
2.751690340424059045e+01
2.751617425172551634e+01
2.751553719799217745e+01
2.751478470921223263e+01
2.751364458231965671e+01
2.751104617326441115e+01
2.750914232965847717e+01
2.750794352480837546e+01
2.750685163686802071e+01
2.750459305002159383e+01
2.750288793626362249e+01
2.750206571309884751e+01
2.750125756486893280e+01
2.750092777005075462e+01
2.749995182024160201e+01
2.749943470644872434e+01
2.749872128676092231e+01
2.749832897224832351e+01
2.749757448256374914e+01
2.749715914049728127e+01
2.749646841678486808e+01
2.749597916701819500e+01
2.751517806419523637e+01
2.751513473031779711e+01
2.751603917351230066e+01
2.751610500899153777e+01
2.751554824298574076e+01
2.751507861351819884e+01
2.751473920292404785e+01
2.751266357879709190e+01
2.751138179929037264e+01
2.750962798923055175e+01
2.750843649054078810e+01
2.750624121231689045e+01
2.750497595456555189e+01
2.750338462939552286e+01
2.750243903616805952e+01
2.750110745128663226e+01
2.750065149657302399e+01
2.750005677054794262e+01
2.749965605223589549e+01
2.749881183055391531e+01
2.749840970589175626e+01
2.749783403991250097e+01
2.749739842582368965e+01
2.749631314658548931e+01
2.749602460470393339e+01
2.751450614898635294e+01
2.751437479817262144e+01
2.751426743534698360e+01
2.751415413840989999e+01
2.751484876102790977e+01
2.751451566185865616e+01
2.751329527010602050e+01
2.751267043904154264e+01
2.751141295623391514e+01
2.750849416232912859e+01
2.750722675503453019e+01
2.750625436111875288e+01
2.750502922436370312e+01
2.750282625123227831e+01
2.750200274748853957e+01
2.750125764490511671e+01
2.750088991293513274e+01
2.750030944478476513e+01
2.749956641170841820e+01
2.749896764957285100e+01
2.749852402043176980e+01
2.749801017668874792e+01
2.749698182604574015e+01
2.749653260580543446e+01
2.749631648523778793e+01
2.751397051253346149e+01
2.751374772609495878e+01
2.751350310121162224e+01
2.751338670573079526e+01
2.751396343504793762e+01
2.751327809662741330e+01
2.751260822805812367e+01
2.751234692134703508e+01
2.751106559918994421e+01
2.750810831931379852e+01
2.750687601360329992e+01
2.750604411749385037e+01
2.750485154403245858e+01
2.750300531504615620e+01
2.750222728328937905e+01
2.750144384337322379e+01
2.750097065801230656e+01
2.750011564287905941e+01
2.749961640002297614e+01
2.749906730605722416e+01
2.749862321956651456e+01
2.749776291061129996e+01
2.749729034267238248e+01
2.749678537151218194e+01
2.749656650684675441e+01
2.751268155263755233e+01
2.751243103937773071e+01
2.751288260353489079e+01
2.751277042710439602e+01
2.751217040725734719e+01
2.751250070516011803e+01
2.751186851076659678e+01
2.750982024758125277e+01
2.750869328092428034e+01
2.750770596597682172e+01
2.750657767300592482e+01
2.750477051311176524e+01
2.750404283554924589e+01
2.750317671825373367e+01
2.750241644309633671e+01
2.750111937667823625e+01
2.750058802787812695e+01
2.750011566574654154e+01
2.749959873489351736e+01
2.749912788201571345e+01
2.749831903632761509e+01
2.749782862031938890e+01
2.749737826813874619e+01
2.749694704460637951e+01
2.749636097392304279e+01
2.751200169097884540e+01
2.751181416619681386e+01
2.751232045223720135e+01
2.751188160239975389e+01
2.751147480133763068e+01
2.751175697462558389e+01
2.751111263759938907e+01
2.750940182983852722e+01
2.750848135653949100e+01
2.750754882064396156e+01
2.750654485816997408e+01
2.750487597793643957e+01
2.750416117476600419e+01
2.750333228573036948e+01
2.750261410960641584e+01
2.750115280893618674e+01
2.750047382767552051e+01
2.750003117040240497e+01
2.749956510826197231e+01
2.749872799836674275e+01
2.749828859970973838e+01
2.749787187416064071e+01
2.749745461122573076e+01
2.749673839027144240e+01
2.749637802163050182e+01
2.751120050589704746e+01
2.751108467066951491e+01
2.751065885529652277e+01
2.751116984060436010e+01
2.751069299644640154e+01
2.750976515981832193e+01
2.750928059788536117e+01
2.750903328607294895e+01
2.750829229963619582e+01
2.750657681547536626e+01
2.750572452157242154e+01
2.750494552938141624e+01
2.750419232027580563e+01
2.750249156277306284e+01
2.750173078453107323e+01
2.750107176658175590e+01
2.750041767657469904e+01
2.749944667757528904e+01
2.749909559313183749e+01
2.749863923823730261e+01
2.749821772195083369e+01
2.749786326455385677e+01
2.749709825582779033e+01
2.749671266435475658e+01
2.749638808332236195e+01
2.750971137550183698e+01
2.751012156095122307e+01
2.750990130136942824e+01
2.750974816927956823e+01
2.751003818611367890e+01
2.750934889161885621e+01
2.750898652207328254e+01
2.750874950062754820e+01
2.750810719880720256e+01
2.750648862703296871e+01
2.750559526313324810e+01
2.750491200565354077e+01
2.750398049879467877e+01
2.750229210116568623e+01
2.750165933508512950e+01
2.750105106007725553e+01
2.750040394465206006e+01
2.749930034856117800e+01
2.749878793403575017e+01
2.749850882499031357e+01
2.749773130775187013e+01
2.749735073569102184e+01
2.749704899927264279e+01
2.749664195810196077e+01
2.749604160667642816e+01
2.916577412926879376e+01
2.847650213841060918e+01
2.806725987609948803e+01
2.771158950359503592e+01
2.740454686754106817e+01
2.736425428731419629e+01
2.736401388852449301e+01
2.736834615070145205e+01
2.732287773369267114e+01
2.731975400198720649e+01
2.730917427639931816e+01
2.730396503072216419e+01
2.727685806991233974e+01
2.727409057870943698e+01
2.727837962720667520e+01
2.728111479893482993e+01
2.726843140236696428e+01
2.726567807363052509e+01
2.725171787624001496e+01
2.725806738203750967e+01
2.725155591572610803e+01
2.725617287979298453e+01
2.725032341800367774e+01
2.726195552379180143e+01
2.726653798954293606e+01
2.915367684092839085e+01
2.862321693874154960e+01
2.799617300982014001e+01
2.785008680511604950e+01
2.773828248461594725e+01
2.750007887721556443e+01
2.743968903079762711e+01
2.742104214642842308e+01
2.736199628176379406e+01
2.735684840677464180e+01
2.733840814915972572e+01
2.732823877195909645e+01
2.729680172781330683e+01
2.729269025485709932e+01
2.729367690668734525e+01
2.729513164619119081e+01
2.728070771880906165e+01
2.727711916769148814e+01
2.726836349515597391e+01
2.726863258201876761e+01
2.726119038746264422e+01
2.726681724433036891e+01
2.727915311575964452e+01
2.727399543598602349e+01
2.727717109673518436e+01
2.876588054738379086e+01
2.830588981005441696e+01
2.809555248955036433e+01
2.796292898020976025e+01
2.785520272377061701e+01
2.767540948574486492e+01
2.751778087087358315e+01
2.748700038414740376e+01
2.743628059720224499e+01
2.741583108505043853e+01
2.736738092414098844e+01
2.735796542592437675e+01
2.733460788732553937e+01
2.732823405113694193e+01
2.730925997747842615e+01
2.731072742688807509e+01
2.730646379820243652e+01
2.729985174206512966e+01
2.728101784051058232e+01
2.728103672379920042e+01
2.727189612268803387e+01
2.728388955294104079e+01
2.728854973068764167e+01
2.729168290403741537e+01
2.728605060006720251e+01
2.824287264453754887e+01
2.821541416404731351e+01
2.813165080086324821e+01
2.802631291729399976e+01
2.785016923793366672e+01
2.776910327990051996e+01
2.760706759597814397e+01
2.754743453366555528e+01
2.747899859059591421e+01
2.745939737387121227e+01
2.740362884920214270e+01
2.738691532307519338e+01
2.735865648165972885e+01
2.735100729720914359e+01
2.732747254620944233e+01
2.732702079984329302e+01
2.732278150154875718e+01
2.731633249534585772e+01
2.729552674269148582e+01
2.729496314915429878e+01
2.730009359341549668e+01
2.729335044367836716e+01
2.729617458474712066e+01
2.729656241844410047e+01
2.729417041417254808e+01
2.796044873287793919e+01
2.809166471093624295e+01
2.804918166922978884e+01
2.800531833175345753e+01
2.792065365467809812e+01
2.784018034139539566e+01
2.768668389846976297e+01
2.762784538683975200e+01
2.753176213039370523e+01
2.750312925460755409e+01
2.745568717079812160e+01
2.743522567502084542e+01
2.738704314841352527e+01
2.737286615634408449e+01
2.736334280549825593e+01
2.736084803255980802e+01
2.733983855827247211e+01
2.733273517349095627e+01
2.732535580218349835e+01
2.731169229030837542e+01
2.731399532523932905e+01
2.731426404896195592e+01
2.730380379648858735e+01
2.730139835603090148e+01
2.729981833316988471e+01
2.793489419627653803e+01
2.804127828666320710e+01
2.804343497610737757e+01
2.800752440826016709e+01
2.795657039590812332e+01
2.790498270396690828e+01
2.775371884678008172e+01
2.768202045246167486e+01
2.757979322755192442e+01
2.755178204772947481e+01
2.749617366787348516e+01
2.746670556970619259e+01
2.741330726089873338e+01
2.739818465183777363e+01
2.738406358335384994e+01
2.737920839933826400e+01
2.735705212840760581e+01
2.735066304033205142e+01
2.734189538417107102e+01
2.732791194580995153e+01
2.732843559392891208e+01
2.732453764739014446e+01
2.732241472998138931e+01
2.730961222343916717e+01
2.730737564315854371e+01
2.798668343100972322e+01
2.802418346336225952e+01
2.803483363814229534e+01
2.801497459189993933e+01
2.795880915502974418e+01
2.790817797428502089e+01
2.780440413540949862e+01
2.774165242535376663e+01
2.763732334516486588e+01
2.760069666491087048e+01
2.753208641456168948e+01
2.750410936991481492e+01
2.745529425313882044e+01
2.743945807365223288e+01
2.740581495299973724e+01
2.740206044682642883e+01
2.738814309997547269e+01
2.736034399400979567e+01
2.735713238238422917e+01
2.735833728145406596e+01
2.735209163374396368e+01
2.733707070392940608e+01
2.733410348563536374e+01
2.731951977658032149e+01
2.731619196010172601e+01
2.797272214419871261e+01
2.800974392095300658e+01
2.803395556522159993e+01
2.800520321632092902e+01
2.797069727463469846e+01
2.794263670774970976e+01
2.785517621453852044e+01
2.778927208470422983e+01
2.767765042370748318e+01
2.764272469198968452e+01
2.757325743084941649e+01
2.753956020231223079e+01
2.748658240981666623e+01
2.747115439987634389e+01
2.743294805990149499e+01
2.741918177935947298e+01
2.740772180200989538e+01
2.739706872210853561e+01
2.737214023915282368e+01
2.736915559013082699e+01
2.736397357996609969e+01
2.734846059522699946e+01
2.734512333710409493e+01
2.733343494459028733e+01
2.732656324323449581e+01
2.797573947583562415e+01
2.800123554687034755e+01
2.802541160340270210e+01
2.801455480186837477e+01
2.798664530129232375e+01
2.796004782613499273e+01
2.786967531193494807e+01
2.781405422217316215e+01
2.772253236934863452e+01
2.767568510913064017e+01
2.761367892583511718e+01
2.758523633549580012e+01
2.752370622895752561e+01
2.749945572869119914e+01
2.747340042180127995e+01
2.743996719616456659e+01
2.742988969342585648e+01
2.741552459475057546e+01
2.739818210985661295e+01
2.738136617820293139e+01
2.737662756218054128e+01
2.736552200963270209e+01
2.736007490714700197e+01
2.734265979421989812e+01
2.733476621643778870e+01
2.800275238334253203e+01
2.801942378521025745e+01
2.802700833071134312e+01
2.802126853725208022e+01
2.799381623014465958e+01
2.795589386577940161e+01
2.789762766305055663e+01
2.784297288926972769e+01
2.775511366815658576e+01
2.770865533105607170e+01
2.763953704761505747e+01
2.760542039218646693e+01
2.755218259133225445e+01
2.750764272372720143e+01
2.749546844967166948e+01
2.748177189204146487e+01
2.744978396426428802e+01
2.741907537929091987e+01
2.741377425915183963e+01
2.739550976137712723e+01
2.738870560409215926e+01
2.737628875240593018e+01
2.737117973341451105e+01
2.735245695275067135e+01
2.734377245568764181e+01
2.799962502023540623e+01
2.801682007022209220e+01
2.802975185466330288e+01
2.802756901912720267e+01
2.799251255694975171e+01
2.796576002094166213e+01
2.791543387793613462e+01
2.787239160037448471e+01
2.776987168449117149e+01
2.771666656625187031e+01
2.765178177086273692e+01
2.762187064169327755e+01
2.755796741417206519e+01
2.752337613454689347e+01
2.750621304089478869e+01
2.749554870364828929e+01
2.746856085281282134e+01
2.743760751136775866e+01
2.742791784232603547e+01
2.741641174617541310e+01
2.740851453699164963e+01
2.738834573218793977e+01
2.738056000703505077e+01
2.736285256627454388e+01
2.735588535905517205e+01
2.799421677374744277e+01
2.801296715306387597e+01
2.801709641988820110e+01
2.800402337392252861e+01
2.799502512375632080e+01
2.797099541271074941e+01
2.790436246056387404e+01
2.786292380997400997e+01
2.779678944927465878e+01
2.774812067798544746e+01
2.767542582705232235e+01
2.760712787724565231e+01
2.757435484043020324e+01
2.755077869145160818e+01
2.751565541148366378e+01
2.749733898466525517e+01
2.748363879563339651e+01
2.745165994636036189e+01
2.744210282347912511e+01
2.743210121703505067e+01
2.742238394934073398e+01
2.739902132677957525e+01
2.739065385108121120e+01
2.737189294069997203e+01
2.736485601056878281e+01
2.798097523074487825e+01
2.799810709434272837e+01
2.800841301224566848e+01
2.799745198948378189e+01
2.798687734785821490e+01
2.796470183049877178e+01
2.790989018016635725e+01
2.787607420479498188e+01
2.781898530248338020e+01
2.776914939870156473e+01
2.768834635414839695e+01
2.765929913543316587e+01
2.760214922557372574e+01
2.757437880768114269e+01
2.754362483018705632e+01
2.751421773956760575e+01
2.750071655134655657e+01
2.746794169883027692e+01
2.746146037315262944e+01
2.744465315686292683e+01
2.743675994222098424e+01
2.741551660566693016e+01
2.740562176243157921e+01
2.738308709944824670e+01
2.737803690916367572e+01
2.796106461859898928e+01
2.797703043912473575e+01
2.800127658170907097e+01
2.799537700657689498e+01
2.796504681365620115e+01
2.794528399955775910e+01
2.791537468608912320e+01
2.788124132621291551e+01
2.779659807440732777e+01
2.774334139026449719e+01
2.770955373982604542e+01
2.767535319901918101e+01
2.762756976345397675e+01
2.757612369617739034e+01
2.755564186455083941e+01
2.753201778107036901e+01
2.750953068944874502e+01
2.748013013535227600e+01
2.747572306630117822e+01
2.745756024777287152e+01
2.744871560589675852e+01
2.742830894428450961e+01
2.742124514178105699e+01
2.739843739739310990e+01
2.739180246342536407e+01
2.794918957204000520e+01
2.796223538249324747e+01
2.799001778401130025e+01
2.799134034049482977e+01
2.796379180124349517e+01
2.794204297357876854e+01
2.791995642555992774e+01
2.788861960809987295e+01
2.780428466229497886e+01
2.775977239334252289e+01
2.771630052096483254e+01
2.764861446233738818e+01
2.761634655349244838e+01
2.758228037454689385e+01
2.755632529434270950e+01
2.753477982517078004e+01
2.752815651168834066e+01
2.749933552929634573e+01
2.749132719922187462e+01
2.747084028363300234e+01
2.745855706752775305e+01
2.744061758020135500e+01
2.743219999116012531e+01
2.741249346378737073e+01
2.740069576608367896e+01
2.793907938668638380e+01
2.794964712864880241e+01
2.796778634306634004e+01
2.796345153890822388e+01
2.795513708167405298e+01
2.793461312578827460e+01
2.788911166302441558e+01
2.785299519470324725e+01
2.780917143950497916e+01
2.776760641613745051e+01
2.770019707031628187e+01
2.765781280273490239e+01
2.762760644061071602e+01
2.758790069489163699e+01
2.757089484093128817e+01
2.755360174309986121e+01
2.754228266413458215e+01
2.751704333319701945e+01
2.750709474521714171e+01
2.748055864074781596e+01
2.746819371810528310e+01
2.744985187147527483e+01
2.744338507140425776e+01
2.742038631528914294e+01
2.740652852342536505e+01
2.792589739867099397e+01
2.793658352432743541e+01
2.795963384634607962e+01
2.796171899717760567e+01
2.795087018472692364e+01
2.793578062142104557e+01
2.789912198483246542e+01
2.787095864928058120e+01
2.781816024802687792e+01
2.774625050613202504e+01
2.771815180952963686e+01
2.767113133145259951e+01
2.764642036945614834e+01
2.760159761566200487e+01
2.758426384613201776e+01
2.756226082035129110e+01
2.755464105025413346e+01
2.753039091312797382e+01
2.751703207585188338e+01
2.749207744680423815e+01
2.748195564096531740e+01
2.746415233120106336e+01
2.744900321290800349e+01
2.742755288645949463e+01
2.741473440174998544e+01
2.790976380738868912e+01
2.791901117170857560e+01
2.794990604758695696e+01
2.795579727049532082e+01
2.794539003648614539e+01
2.793245135238178634e+01
2.791086266953013961e+01
2.788404803655371111e+01
2.782058021409119064e+01
2.776874231857580355e+01
2.774386285954246034e+01
2.771597587365668147e+01
2.766116386018410367e+01
2.761758994541984791e+01
2.760092471693494076e+01
2.757507531051897942e+01
2.756432636161386895e+01
2.753857899758447303e+01
2.752691675116259518e+01
2.750500995752578248e+01
2.749204730617048398e+01
2.746914151393779591e+01
2.745612439155764051e+01
2.743505027832080856e+01
2.742114999905763995e+01
2.789564056006377513e+01
2.790100268775069381e+01
2.793119670310924718e+01
2.793995092308409411e+01
2.793484844061566008e+01
2.792739063103240582e+01
2.791557768144175711e+01
2.786828630080109548e+01
2.783792342526548680e+01
2.779129005460509916e+01
2.776269022457402613e+01
2.770742174391314450e+01
2.767627848016141812e+01
2.763548876104768581e+01
2.761014992970471837e+01
2.757257981130019786e+01
2.756318610149352821e+01
2.754627284827543932e+01
2.753354260662619879e+01
2.750960331748188992e+01
2.749803802948425613e+01
2.747702310809443560e+01
2.746298737754945307e+01
2.743645236250062780e+01
2.743066172941816561e+01
2.788034909082575652e+01
2.788382978931412026e+01
2.789738617484035643e+01
2.790008430627160507e+01
2.792101098460115693e+01
2.791781644056337797e+01
2.789396721018016834e+01
2.787551206381845859e+01
2.784230289566398753e+01
2.777039969029211619e+01
2.773864961932348194e+01
2.771132985837655127e+01
2.767662201075818018e+01
2.761887618788680498e+01
2.760127078951286350e+01
2.758069635714405266e+01
2.756972189819603614e+01
2.755271023399303587e+01
2.753468722442852368e+01
2.751735853886085792e+01
2.750406070913260947e+01
2.748512694403248702e+01
2.745586510947931913e+01
2.744463717869563624e+01
2.744020795809443314e+01
2.786777645200843523e+01
2.786893014831490589e+01
2.787944450867296453e+01
2.787989189735712614e+01
2.790055493592636893e+01
2.789264465369663881e+01
2.787753148627998812e+01
2.786910554501494630e+01
2.783591889155075094e+01
2.776071365265205060e+01
2.772723648705528277e+01
2.770490336686392396e+01
2.767461166680079288e+01
2.762750330880365368e+01
2.760819151479102374e+01
2.758615144871339453e+01
2.757624280615174683e+01
2.755347173892053547e+01
2.753836183976537555e+01
2.752041545277583268e+01
2.750824989408427257e+01
2.748273748174209530e+01
2.747045099737535523e+01
2.745328935628391775e+01
2.744825841242812814e+01
2.784792430542922759e+01
2.784870941446749981e+01
2.786516656363745525e+01
2.786652325529655982e+01
2.786072063858862791e+01
2.787241847274674811e+01
2.785796331531036785e+01
2.780141585498584433e+01
2.777110055081194417e+01
2.774657442715984246e+01
2.772067418112068182e+01
2.767748773691324260e+01
2.765871811116802448e+01
2.763314650697883579e+01
2.761661781919623593e+01
2.758661154730335596e+01
2.757265389189400295e+01
2.755692919643828986e+01
2.754232624095446624e+01
2.752454508274032108e+01
2.750125036739015272e+01
2.748862834151029588e+01
2.747793858445219684e+01
2.746234026177415188e+01
2.744451153219829820e+01
2.783065118030691565e+01
2.783390673189253306e+01
2.785399818784094705e+01
2.785035298685751926e+01
2.784321800888158549e+01
2.785373999518312615e+01
2.783760095679833313e+01
2.779307597794007734e+01
2.777083364279014432e+01
2.774564515147578092e+01
2.772146364784094175e+01
2.768322099384952040e+01
2.766809911106889430e+01
2.764319386908378817e+01
2.762402115775462974e+01
2.758825911423519628e+01
2.757257908501986776e+01
2.755868752112067455e+01
2.754360195235661735e+01
2.751882562513034003e+01
2.750709220323598103e+01
2.749301797983343576e+01
2.748220874966081695e+01
2.746193245536805705e+01
2.744934638036460228e+01
2.781088182968549205e+01
2.781520029253615078e+01
2.781829460988819136e+01
2.783271635842932668e+01
2.782271584140575271e+01
2.780509700684567775e+01
2.779556239865471312e+01
2.778803958698179954e+01
2.777035030322958065e+01
2.773055994585189055e+01
2.771273557395802456e+01
2.769115923787201083e+01
2.767189646778175671e+01
2.762445983107480885e+01
2.760450782095003319e+01
2.758764359165431301e+01
2.757179615482258939e+01
2.754586576814967458e+01
2.753275568188709599e+01
2.751997096921299857e+01
2.750808502844904169e+01
2.749594125816742718e+01
2.747421676089380327e+01
2.746364684009039081e+01
2.745305694657785978e+01
2.778058068797805191e+01
2.779725826322859561e+01
2.779843701620649910e+01
2.779821513756525064e+01
2.780727548469979382e+01
2.779832117449363693e+01
2.779309195610736793e+01
2.778502661302687926e+01
2.777177236011851136e+01
2.773299697950399079e+01
2.770979922257807004e+01
2.769198538174901003e+01
2.766838708122030255e+01
2.762030332873805705e+01
2.760289729431509187e+01
2.758736578942754036e+01
2.757385915410400656e+01
2.754407802911386938e+01
2.752908978191422307e+01
2.751873375066841376e+01
2.749599463977178715e+01
2.748482372199411827e+01
2.747489256474219488e+01
2.746492872487535664e+01
2.744021776287890546e+01
